24
66
// Nodes
-0.13 0.0 -0.13
-0.13 0.0 0.13
0.13 0.0 0.13
0.13 0.0 -0.13

-0.13 0.4 -0.13
-0.13 0.4 0.13
0.13 0.4 0.13
0.13 0.4 -0.13

-0.13 0.8 -0.13
-0.13 0.8 0.13
0.13 0.8 0.13
0.13 0.8 -0.13

-0.13 1.2 -0.13
-0.13 1.2 0.13
0.13 1.2 0.13
0.13 1.2 -0.13

-0.13 1.6 -0.13
-0.13 1.6 0.13
0.13 1.6 0.13
0.13 1.6 -0.13

-0.13 2.0 -0.13
-0.13 2.0 0.13
0.13 2.0 0.13
0.13 2.0 -0.13

// Elemente

// Zwischenelemente
2 0 1 2 3
2 4 5 6 7
2 8 9 10 11
2 12 13 14 15
2 16 17 18 19
2 20 21 22 23

// Balken
0 0 4
0 1 5
0 2 6
0 3 7

0 4 8
0 5 9
0 6 10
0 7 11

0 8 12
0 9 13
0 10 14
0 11 15

0 12 16
0 13 17
0 14 18
0 15 19

0 16 20
0 17 21
0 18 22
0 19 23

// Diagonalen
1 0 7
1 0 5
1 1 4
1 1 6
1 2 5
1 2 7
1 3 6
1 3 4

1 4 11
1 4 9
1 5 8
1 5 10
1 6 9
1 6 11
1 7 10
1 7 8

1 8 15
1 8 13
1 9 12
1 9 14
1 10 13
1 10 15
1 11 14
1 11 12

1 12 19
1 12 17
1 13 16
1 13 18
1 14 17
1 14 19
1 15 18
1 15 16

1 16 23
1 16 21
1 17 20
1 17 22
1 18 21
1 18 23
1 19 22
1 19 20
